-0.504340
0.116448
-0.002176
0.192820
-0.783421
0.964490
0.514670
0.036459
-0.378061
-0.018961
0.777921
0.971421
-0.190257
0.214950
0.490348
-0.719578
-0.225158
0.138680
-0.384853
0.426138
-0.065175
-0.181175
0.597820
0.874234
-0.935077
0.037164
-0.285986
0.754648
0.840628
0.909897
-0.304224
-0.663712
0.026345
0.693601
0.529108
0.242925
0.658091
0.043778
-0.720617
-0.719970
-0.975182
-0.942696
-0.748549
-0.165440
0.272254
0.741799
0.114982
-0.952905
-0.119521
0.730129
0.473233
0.815304
-0.451046
0.071054
0.689538
-0.386123
-0.891783
-0.596448
-0.631475
0.948845
-0.686551
0.064302
-0.714866
0.339794
-0.242098
0.814242
-0.417281
-0.584007
-0.141980
-0.137898
-0.303977
-0.117163
-0.080594
-0.052526
0.717398
-0.808340
-0.310727
-0.167620
-0.761245
0.569752
-0.437491
0.711988
0.385056
0.111463
-0.216958
0.074594
0.725341
-0.108741
0.478145
-0.906134
-0.159895
0.791594
0.158167
0.125238
0.131389
0.916070
-0.060520
0.714108
-0.667937
0.797500
-0.423790
0.028086
-0.319663
0.495616
0.975559
-0.602266
0.687276
-0.335168
0.230114
0.926031
-0.765416
0.792623
0.638019
0.619640
-0.095914
-0.578939
-0.305766
-0.370573
0.312320
-0.827621
-0.276707
-0.847575
0.963974
0.881460
0.277663
0.095363
0.797530
-0.782857
-0.190530
-0.870407
-0.985358
0.385680
0.157678
-0.305021
-0.118703
0.133238
0.092714
-0.431427
0.798070
-0.677172
-0.505396
-0.967346
-0.884549
-0.867377
0.652294
0.019537
-0.446316
-0.653472
0.648964
0.866004
-0.481092
-0.627743
-0.981572
-0.517118
-0.746284
0.296091
0.578244
-0.948754
0.513234
-0.612285
