-0.226015
0.477410
0.279641
0.427297
0.959961
0.222071
-0.031459
-0.981593
0.004907
-0.571018
-0.004548
0.173466
0.747274
-0.242894
0.401208
-0.903539
-0.544267
-0.192224
-0.671925
0.564461
-0.194708
0.004964
0.179567
-0.090030
0.624691
0.719748
0.690783
0.144519
0.921582
-0.307966
-0.637666
-0.304433
-0.830556
0.641975
-0.877137
-0.870595
-0.135953
0.091404
-0.852188
0.868953
0.520386
0.143265
0.042419
0.267661
0.900371
-0.556373
0.364121
-0.643896
0.251404
0.692196
0.920564
-0.943304
-0.302841
0.100131
-0.033334
-0.678150
-0.180120
-0.342551
0.466369
-0.258538
0.349483
0.828703
0.437029
0.518927
0.470679
0.559892
0.648332
-0.665275
-0.348704
0.796144
-0.796321
-0.828317
-0.060591
0.246097
0.439343
-0.160220
0.689725
-0.196536
0.195884
-0.058871
