0.866009
0.673461
0.173045
0.152364
0.119641
-0.148467
0.473129
0.412123
-0.437152
0.096277
0.516215
0.497563
-0.581304
-0.431028
-0.042737
-0.263422
0.544304
-0.202113
-0.089502
-0.744279
-0.636161
-0.918839
-0.993609
0.880604
-0.112068
0.575895
0.840405
0.919198
-0.081401
-0.614277
0.857850
-0.215392
-0.940816
0.030895
0.936973
0.178825
0.882428
0.410101
-0.409052
-0.554725
-0.493621
-0.892837
0.942838
-0.074925
-0.323865
-0.099899
0.661653
-0.779562
0.697987
-0.427849
-0.523841
-0.938174
-0.346688
-0.517449
0.942430
0.541244
-0.941554
0.782835
0.460442
-0.022955
-0.831441
0.318292
0.761654
-0.772257
-0.650814
0.698626
0.406568
-0.768386
0.108728
0.997516
-0.323111
0.615107
-0.895322
-0.380273
-0.459819
-0.219187
0.519828
-0.798166
0.001251
0.217815
