-0.819161
0.527876
0.773395
0.338517
-0.777145
-0.345308
-0.528245
0.315569
0.223264
-0.730175
0.638397
0.717868
-0.697521
0.753848
0.850491
0.954773
-0.226615
-0.595826
-0.698699
-0.577651
-0.729822
-0.179791
-0.205395
-0.711394
0.303091
0.048322
0.584697
-0.118665
0.099568
0.097931
0.269050
0.280407
-0.374192
0.042445
-0.381076
-0.151337
0.697137
0.090679
-0.835768
-0.079598
0.360503
0.802629
-0.361730
0.662982
0.556476
-0.511240
0.617755
-0.670139
-0.107065
0.919057
-0.247790
0.163112
-0.260734
0.546815
0.451718
-0.957643
-0.404863
0.036416
-0.076308
0.694705
-0.865653
-0.807258
-0.024888
-0.239846
0.235188
0.594035
0.608817
-0.067675
-0.315286
0.773049
0.852727
-0.954783
0.575678
-0.509003
0.708200
0.132154
-0.020243
0.325955
0.462016
0.872692
0.245012
-0.785774
0.035804
0.984278
0.761041
-0.512477
-0.973366
-0.643822
0.523938
-0.049673
-0.949117
0.658285
0.143069
0.025995
-0.581561
-0.621743
-0.379969
-0.972743
0.310582
0.304745
0.800306
0.163309
0.349962
0.375984
0.654306
0.058162
-0.491862
-0.365937
-0.615883
0.970153
-0.493245
0.629128
-0.815621
0.542560
0.613406
0.945420
-0.969918
0.640040
-0.698402
0.554021
-0.409633
-0.647518
0.212306
0.733436
0.378477
0.630745
-0.888307
0.998507
0.658002
0.422275
0.303252
0.458307
-0.414416
-0.346786
-0.165709
-0.760110
0.711376
0.342429
-0.126047
-0.904508
0.312582
0.380709
0.724621
0.496961
-0.076732
0.338026
0.442381
-0.046649
-0.021934
0.743979
-0.492629
0.568433
-0.903539
0.719677
0.301869
0.474938
0.350422
0.413561
0.473445
0.008424
