-0.006052
-0.354424
0.544306
-0.546815
0.879371
0.474533
0.299405
0.209794
-0.974263
-0.610692
0.359756
0.090698
-0.017696
-0.515147
0.441582
-0.104728
-0.723133
-0.829664
0.315647
-0.788820
-0.961694
-0.993927
-0.636615
0.515785
0.545938
-0.413311
-0.287198
-0.369428
-0.893675
-0.011253
0.273370
-0.790405
0.559607
0.135378
-0.413419
0.820511
0.452597
0.270830
0.704828
0.961612
0.976862
0.744348
0.209563
-0.718507
-0.735563
-0.630226
-0.845827
0.126449
-0.226440
0.520250
-0.514970
0.680096
0.951585
0.917852
-0.852980
-0.939432
-0.547147
-0.521713
0.468653
0.515053
-0.810068
0.477595
-0.623244
0.075123
